pr_gene_symbol	CPC020_MCF7_24H:BRD-A07780951-065-05-0:10	CPC020_MCF7_24H:BRD-A87848830-001-01-9:10	CPC020_MCF7_24H:BRD-K00664012-001-01-2:10	CPC020_MCF7_24H:BRD-K02562327-001-01-6:10
PSME1	-0.3307	-0.4480	-0.3080	0.3051
ATF1	-0.0856	0.8239	-0.8571	-0.8214
RHEB	-0.1083	-0.3396	0.6748	0.6263
FOXO3	-0.3512	2.1172	1.2872	1.2944
RHOA	-0.5952	0.0668	0.2955	0.3101
IL1B	0.7035	0.0230	-0.2501	0.1784
ASAH1	0.8628	0.8384	0.6985	-0.3101
RALA	-0.6789	0.0522	-0.9629	0.3971
ARHGEF12	1.1933	0.4555	0.8868	2.5713
SOX2	0.5170	0.2212	-0.2945	0.6757
SERPINE1	-0.3675	2.4617	-1.2662	-0.4321
HLA-DMA	-0.3637	1.3867	1.8453	3.2077
EGF	0.5131	0.9040	-0.3145	-0.4263
APP	-0.5576	0.5363	-1.1030	0.0691
NOS3	1.3913	1.9353	-0.5373	-0.7901
CSNK1A1	-0.5874	0.8770	0.8236	-0.6307
NFATC4	0.1730	0.4074	-0.5714	0.7839
TBP	-0.0512	0.3058	0.1921	-0.6038
BRCA1	0.6021	0.4151	-0.8571	-2.9808
PSMD4	0.7481	0.0631	-0.2488	-0.7727
ETV1	-0.1986	1.7257	0.1554	-0.1931
TERT	-0.4098	1.0306	-0.4225	-1.1078
EED	0.6179	0.3932	-0.5973	-1.5744
PTK2B	-0.9523	0.0496	-0.3999	0.5965
HSPB1	0.4232	0.5011	0.7588	1.4333
PIK3C3	-1.4445	0.4904	-1.4897	-0.0711
CBLB	-0.9348	-0.6727	1.0679	1.0691
DFFB	-0.0696	0.3810	-0.4799	-0.6516
TGFB3	0.2665	0.4839	1.0269	0.9879
PRKX	0.1666	0.2812	-0.3966	0.2358
CCND1	0.7408	0.3375	0.0529	-0.9073
NFKBIB	0.2107	2.8368	0.4055	-0.9395
GLI2	0.1532	1.2116	1.5407	0.9286
PIK3CA	-0.1574	0.4987	-0.4376	-0.6760
RPS6	0.3000	0.0315	0.1964	0.4459
DFFA	0.4272	0.0470	-0.2167	1.0971
SUZ12	-0.1722	0.9466	-0.4359	-0.6180
TICAM1	0.1659	-0.0807	-0.2505	1.6155
EDN1	-0.2501	0.7482	-0.4317	0.0590
SQSTM1	0.1502	-0.3306	0.3740	0.9338
HIF1A	0.2442	0.4347	-0.3870	1.0321
PTGS2	0.1407	0.9974	-0.3647	-1.0305
PLA2G4A	-0.6701	0.2281	-0.7604	0.0418
MAT2A	1.3584	1.4157	0.1544	-0.7247
EIF4G1	0.2883	-0.2469	-0.3627	-0.5877
BTK	0.9333	0.5231	0.4333	-0.2268
MYL9	0.3261	0.3720	-0.4137	1.2305
PSMD2	0.4512	-0.9980	0.1346	-1.1564
CLTC	0.9096	-0.4950	0.9938	0.6005
ALDOA	1.0037	0.1010	0.0708	0.5683
STAT5B	0.5888	1.1932	0.3359	-0.2009
ETS1	0.0343	0.0976	0.2565	0.4561
HSPD1	0.4990	-0.0555	-0.0496	-1.2130
CEBPA	0.4030	0.2032	-0.0419	3.3985
PSMF1	0.8508	-0.0263	-0.3786	-0.4296
ATF6	0.5049	0.5226	-0.6020	0.1448
RALB	0.4816	1.1585	-0.7432	0.9181
PPARD	-0.0035	0.9075	1.7964	1.4962
STAT3	0.6924	-0.1517	0.2840	1.0190
DNMT3A	-0.0143	0.2301	-0.6625	-0.2958
RASA1	0.3148	-0.2215	1.8767	-0.2295
PSME2	0.3856	0.4029	0.3532	-1.3282
FGFR2	0.6872	0.2914	-0.5732	0.1391
CALM3	0.1693	0.8370	-0.1589	-0.3391
ERO1L	0.5203	0.0187	0.2332	0.4687
APOE	0.9373	0.7786	-0.5847	1.7029
PIK3R4	0.4053	-1.2941	-0.2262	-1.7519
CSNK1E	-0.1367	0.5322	-0.0189	1.1543
SKP1	0.0160	-1.2257	-0.0705	-0.6660
PROS1	-0.3617	0.3009	0.2687	2.3976
PSMD9	0.5404	-0.6108	0.6384	-0.3710
NFKB2	0.1415	1.3020	0.3661	-0.7809
PAK6	1.0820	-0.9554	0.5724	1.2682
GHR	-0.1524	0.6913	-0.2037	-1.1633
CDK4	0.5784	-0.0555	-0.4331	-2.1326
PRKAG2	-0.4716	1.3742	0.0543	0.6902
PTPRC	0.0265	0.3630	-0.4149	0.1678
SPTAN1	-0.2397	-0.8305	-0.6055	-0.2349
COL1A1	-0.5268	3.3252	0.7198	4.0617
CDC25A	1.0997	-0.3245	-0.5322	-3.4390
TP53	0.4029	0.7713	-0.2572	-2.8239
EGR1	-0.1199	-0.5159	-1.2026	0.5147
MUC1	-0.4778	-0.0850	0.1725	0.0659
AURKB	-0.0035	-0.1862	-0.4354	-0.1484
NCK2	-0.4173	0.9173	-0.3489	-1.1439
AURKA	0.5994	0.9598	-0.4771	-1.7148
CDK5R1	0.1580	0.2840	0.4502	-1.5913
FYN	-0.5284	0.3755	0.0248	1.2138
NRAS	0.1687	-1.2864	-0.7474	-0.6250
BNIP3L	-0.1122	0.2276	0.4461	2.5128
MMP2	-0.3654	-0.2232	-0.3003	0.1338
CDK7	-0.8703	-0.8922	0.3921	-1.1566
RAC2	-0.4805	0.5779	-0.4441	-0.4688
HMOX1	0.2635	-1.2715	2.1011	4.6916
COL4A1	-0.6245	-0.2940	-0.2379	0.4315
ICAM1	-0.6137	1.2942	-0.7543	0.6323
C5	0.0237	0.4030	0.0604	-0.3691
NFKBIA	0.0852	0.9083	0.3494	0.6482
NFKBIE	-0.1835	0.7081	0.0058	-0.4389
CCNH	-0.0990	0.0431	0.1350	-0.4195
HMGA2	-0.2618	0.2871	0.1001	-0.1086
IGFBP3	0.1086	1.1953	-0.6829	-0.0204
FRS2	-0.7349	0.7939	0.0471	0.0061
IFNAR1	-0.0078	0.1145	-0.2734	0.6741
MIF	-0.1556	-0.6549	-0.9849	-1.2383
DAG1	0.7272	-0.4197	1.0727	-0.6174
IGF2BP2	0.2965	0.6224	0.1092	2.7048
ERBB3	0.2260	-0.0787	-0.3297	-0.0633
FZD1	-0.7333	0.1338	-0.6318	-0.5902
PIK3R3	0.2669	0.1934	1.0082	2.9021
TFDP1	0.2532	-0.5765	-0.5142	-2.4973
SYK	-0.6417	0.5366	0.0424	-1.1462
EIF4EBP1	-0.3001	1.3805	0.8061	-0.3656
CCND3	-0.5884	-1.2627	-1.7158	-1.5599
PTPN6	0.2190	0.5700	0.7667	1.6758
DUSP4	-0.9305	0.4342	0.7712	1.5914
RB1	-0.2909	0.7764	-0.4549	0.3948
PARP1	1.1096	0.6814	0.6056	0.2228
CDK6	-0.0163	-0.1187	2.0634	1.4345
PSMB10	-0.2615	-0.2397	-0.3289	-1.7385
FOSL1	0.1927	0.1289	-0.5158	0.4850
E2F2	-1.2467	0.8768	2.4799	-0.9694
CRK	0.4788	0.0439	-0.2920	-2.5587
HSPA8	-0.3835	-1.8278	0.1159	-0.6670
CCNB1	0.0548	-1.4645	-0.6590	-0.7571
NFATC3	0.4906	1.1498	0.9943	0.1242
PCNA	-1.3376	-0.2504	-1.2276	-4.5026
PSMB8	-0.7178	-0.2564	-0.5336	1.4273
PRKCQ	-0.5862	0.5019	0.0590	-0.4412
SUV39H1	-0.0441	0.8546	1.0558	-3.1896
BIRC2	-0.7761	0.0434	0.0718	0.4487
PAK1	0.1971	1.8215	-0.1747	1.5766
CDC42	0.4614	1.7458	-0.0489	0.5742
CCNE2	0.7916	0.3834	-0.4779	-0.3121
SNAP25	0.6072	0.6102	-0.0582	-0.4044
PGAM1	1.0932	-5.8462	0.2306	0.0317
NCK1	-0.2109	-0.1777	0.8075	-0.9811
CD40	-0.2419	0.4601	-0.9607	0.3336
DAXX	0.1575	-0.0929	1.0003	0.1989
CDC20	0.5656	0.0971	0.5042	-0.5767
CCL2	0.0230	0.9784	0.1875	-0.2389
SRC	-0.0888	0.7419	-0.1948	1.1149
BMP4	0.9636	0.0378	-0.6583	0.3708
MNAT1	0.3466	0.2043	-0.3166	0.5982
TLR4	-0.6750	-0.4718	-0.7709	-0.5957
IKZF1	-2.3805	2.5118	-2.8469	0.4456
EPHA3	1.0651	0.4980	1.0285	0.0133
CASP10	-0.4889	0.9478	-0.3680	0.2606
CASP7	1.6909	0.5247	0.4966	0.7595
TGFBR2	-0.5730	0.4163	-0.2932	-0.4833
NOTCH1	0.4468	0.6603	2.2738	0.4673
SHC1	-0.4832	0.0649	-0.7883	1.1017
SIRT3	0.3049	0.1429	1.9712	0.2954
CYCS	-0.2069	-0.4309	-1.4613	-0.6941
GNAI1	-1.3405	1.3929	-0.1789	0.1327
FBXO11	0.4567	1.7722	-0.0744	-0.9876
MEF2C	-0.5701	0.3530	-0.0797	1.3946
DUSP3	0.0278	-1.3636	-0.3931	-0.5130
PPP1R13B	0.0481	-0.3273	-0.2987	1.0968
PRKCH	-0.1981	0.9768	0.0184	-0.1814
CCNA1	-0.5320	0.6745	0.5144	1.4451
BAX	0.3637	-0.7637	-1.7561	-0.2163
RPS5	0.0262	0.3897	0.4945	-0.2314
SNCA	0.7021	1.5864	0.9001	-0.1214
CHP	0.0039	1.4782	1.2975	-0.9503
SPP1	-1.2645	2.1753	2.9911	0.1220
AXIN1	0.3098	-0.1134	0.9013	-1.1290
CASP2	-0.3781	1.1122	-0.2784	-1.1114
FZD7	0.3046	0.0437	-0.0292	0.9020
DUSP6	0.2687	0.1549	-0.3003	0.2435
ADRB2	-0.0692	2.1892	2.2159	-0.1033
MMP1	0.5477	-0.1190	0.2870	-0.2310
CDC25B	0.6949	0.4676	0.9700	2.9693
EPHB2	-0.0184	1.5462	2.9031	1.4137
CHEK1	0.0741	-0.8190	-0.3207	0.2186
PDGFA	-0.1393	-1.0073	-0.5546	0.0131
CXCL2	-0.0135	2.6308	-0.6859	-0.7015
HLA-DRA	-0.1302	-0.1558	-0.3716	2.6816
GNA15	-0.4629	-0.2527	-0.4229	0.0742
RALGDS	-0.3799	-0.6957	0.9486	0.2016
SATB1	-0.1578	2.5978	2.0458	0.4407
PFKL	0.5757	0.7225	0.3981	-1.0335
GRB7	-0.2862	-0.7669	-0.2943	-0.9215
MAPKAPK2	-0.1232	-0.3328	0.3614	2.1212
MKNK1	0.3483	-0.1944	0.5258	0.6121
HSPA1A	0.1944	0.6157	-0.6177	0.2204
PLCB3	-0.0286	-0.0148	0.8019	2.9010
PLK1	0.5713	0.7148	-0.1465	-2.2724
MYLK	0.2505	1.5051	2.5444	0.2116
FGFR4	0.4756	0.7468	-0.0371	0.3483
CDKN2A	-1.7865	1.4876	0.0257	0.4352
CDKN1B	-0.2696	0.5517	0.1624	0.6182
GAPDH	0.1617	0.4689	0.3298	0.3793
CISD1	0.1183	0.3857	-1.1241	0.4525
SPDEF	0.1098	1.0894	0.1778	0.0947
IGF1R	0.7103	-1.1777	0.3971	-0.7082
GSTM2	0.2023	-0.3577	0.0515	0.1685
SPTLC2	0.7080	-0.0753	0.4411	-0.1333
TSKU	0.3737	-0.0115	2.6520	1.9725
TMEM2	0.2420	-0.6528	-0.3902	3.8785
SLC2A6	-0.7405	0.5291	0.3200	3.7212
EZH2	-0.2171	0.9333	-0.1293	-0.5297
ICAM3	0.1399	-0.1758	0.3409	-4.4739
PHKG2	0.0730	-0.7921	-1.0919	-2.0504
KDM5B	0.1410	0.2793	0.5087	3.9138
COG4	0.9012	-0.5929	0.7595	-0.6904
MCM3	0.2299	-3.1001	-0.5105	-1.7255
SNX13	-0.8652	0.0416	-1.1212	-0.3464
PAK4	0.2615	0.9827	0.7940	0.8803
DPH2	0.8460	1.3085	-0.1572	-3.3982
SNX6	0.2946	0.1605	0.4302	0.8170
WIPF2	0.6287	0.6425	0.9357	0.7903
NENF	-0.2958	0.2123	0.3466	1.0264
RPN1	0.1211	0.6144	0.1433	-0.2627
C2CD2L	0.1540	0.6184	-0.1583	-2.0492
GABPB1	0.4495	-0.1516	0.3923	-1.6165
POLR2K	0.1191	0.2795	-0.8554	-1.2730
PAF1	1.3593	-0.1476	-0.5784	-1.3603
POLR1C	-0.3899	0.3226	-0.6852	-1.0437
RUVBL1	0.0075	0.5161	-0.2518	-1.0929
AKT1	-0.3065	-0.1607	0.3512	-0.5947
SENP6	1.4130	-2.6605	0.7941	-1.6077
EBP	1.7264	-2.1425	0.2492	-0.2197
CASK	-0.2746	-0.1276	0.3797	0.0934
RRP8	6.4619	1.4748	2.5891	-2.3057
BHLHE40	0.0527	0.7396	-0.1983	1.2552
BDH1	0.2468	-1.0224	0.2358	-1.9651
SH3BP5	0.1972	-0.1433	-0.3260	-0.0059
PPP2R5A	0.0621	-0.9520	0.1901	-1.5277
EML3	-0.2714	1.4295	0.4129	2.6262
BIRC5	0.2352	-2.0757	-0.0404	-1.8902
EPRS	0.3731	-1.5954	1.1749	-0.4745
PAX8	0.2027	2.1631	1.3929	0.9009
PDS5A	0.9885	-3.4136	0.7030	0.0027
XBP1	-1.4405	-0.7192	-0.0074	-0.3036
NMT1	0.7836	0.1940	0.5118	0.4712
ARFIP2	0.2720	-1.2183	0.7029	-0.2139
STAMBP	-0.4155	-0.1815	0.3008	-0.3765
FAH	0.9581	-0.2140	-0.2268	-0.8456
PLP2	-0.4496	-0.2832	0.0123	-0.6583
SOX4	0.2318	-0.7963	0.8909	1.2235
TESK1	-0.5379	-0.7232	-0.9040	0.2353
HN1L	0.4695	-0.3508	-0.0793	0.3197
RRAGA	-0.6682	1.2436	0.0809	0.1733
ELOVL6	-0.7523	0.6826	-0.1075	2.6735
ACBD3	0.3541	0.9832	-0.2850	0.7409
PMAIP1	-0.6911	0.9382	1.4533	1.5542
TWF2	-0.2309	0.7767	0.4820	2.9512
HDAC6	-0.1763	-0.0049	0.4393	-0.0943
PXN	-0.4352	-0.1800	-0.4047	0.9456
PHKB	-0.2852	0.3350	1.0423	0.8199
CASC3	0.1266	1.5101	1.0192	-1.2740
MLEC	0.1833	-0.4382	0.8726	-0.6457
USP22	0.2602	0.4987	-0.3504	-1.1134
TMED10	0.9005	-0.9743	0.4483	1.0480
CHERP	0.1260	1.3955	0.7017	-1.5284
TRAPPC6A	-0.8309	1.0390	0.4485	0.0445
ATP2C1	-0.1557	0.8333	0.1561	0.7513
USP14	-0.0243	0.5887	-0.4437	-0.6713
APPBP2	-0.8730	0.5920	-0.3788	0.1464
ECH1	-0.1852	-1.0346	0.5964	2.6885
HDAC2	0.1868	0.0121	0.3944	0.7719
MRPL19	0.1401	-0.5925	-2.6928	-0.5780
CSNK2A2	-0.9315	0.3068	-0.5821	0.2181
KIAA0100	0.4731	0.5318	0.5366	-1.2822
PAICS	0.6345	0.6468	0.1753	-1.4763
CDK2	0.1317	0.0871	0.1794	-1.2670
KIAA0494	-0.2328	-0.0023	-0.8123	0.0055
WRB	0.2267	0.5014	-0.4756	1.2896
ETFB	0.7419	-1.3949	0.1683	-0.0037
CAMSAP2	-0.1770	-0.2837	-2.3422	-0.3401
ARNT2	0.0412	0.8063	-1.4472	-0.2681
SPAG7	0.3637	-1.0795	0.8017	-4.4426
MAPK1IP1L	-0.1028	0.4116	-0.7012	-0.5132
MSH6	1.0849	0.4107	1.5162	-0.2407
UBE2C	0.2864	1.1935	-0.1227	-1.4341
HS2ST1	0.0004	0.6151	-0.2735	-0.0718
TXLNA	0.1892	0.0112	-0.4165	-0.1454
DNAJB1	-0.7626	0.1367	-0.7527	0.8978
TOPBP1	0.4607	1.3573	-0.8396	-1.8908
ABCF1	-0.4784	1.2667	0.0256	0.1339
LGMN	0.8690	-0.3781	0.7766	1.1246
MBTPS1	0.2143	0.0618	0.3666	0.0608
ZNF274	0.2847	1.7874	-0.3619	0.2395
CLIC4	0.6032	-0.3222	-1.4723	-0.3268
HSD17B10	0.9377	-0.3122	-0.2802	-1.5614
STX1A	-0.2665	0.6177	1.5810	0.9702
CCNA2	0.1335	-0.0445	0.5786	-2.1444
SDHB	0.0083	-1.5557	-0.0356	-0.5592
FOXO4	-1.3221	1.3482	0.2548	7.8646
TOMM34	0.1069	1.2558	-0.0766	-0.5890
KIAA0907	-0.4463	-0.7878	-1.2223	-1.8921
HK1	-0.9925	-0.1163	0.2264	0.8472
PAPD7	0.2265	-0.0163	-0.2813	0.5793
PLOD3	0.7831	-0.3429	0.8897	-1.0120
TRAK2	-0.0120	-0.4026	0.0721	2.2731
VAPB	-0.2470	0.6177	-0.2922	-0.8811
BUB1B	-0.6212	0.3011	-0.4557	-0.2162
MRPL12	1.1244	0.1696	0.7921	-1.7834
PNP	0.7741	0.7191	-0.2476	1.1096
USP1	-0.0713	-0.0082	-0.7756	-2.4118
RPA1	0.1714	-0.3592	0.9952	-0.3977
KLHDC2	-1.0510	-0.1117	0.2806	-0.8121
SCARB1	-0.0929	0.5047	0.3921	1.1906
TPM1	-0.0246	-0.6284	-0.0240	-1.1151
TM9SF2	0.4791	-0.0432	0.1045	-0.1020
NUP88	0.1583	-0.3985	1.1092	-0.5660
FUT1	-0.4789	-0.0862	-0.4263	-0.3588
PRUNE	0.3810	0.1583	1.4312	0.6552
SYPL1	-0.2084	0.0194	-0.0042	-0.2043
ZNF451	-0.3660	1.8646	1.1338	0.3407
TRIM13	-0.0306	-0.0602	-0.3231	-0.2562
FBXO7	-0.1312	-0.4226	0.9493	0.0611
ENOSF1	-0.7827	0.4703	0.0218	-2.1313
LIG1	0.7853	-0.2865	0.7639	-3.6032
GNB5	-0.1813	0.8352	-0.0941	2.3020
INSIG1	-0.5307	0.4754	-0.4741	0.5681
HIST2H2BE	-0.5738	0.0889	-0.1889	0.3338
S100A4	-0.6910	1.2511	1.0187	1.9930
KTN1	-0.0295	0.5580	0.7221	0.8575
ARHGAP1	1.2560	0.3496	0.2456	-2.1036
LPAR2	-0.8065	-0.4296	0.0701	-0.6048
COASY	0.1914	0.4217	-0.2631	-1.3355
ATMIN	-0.3739	0.6990	-0.7963	-0.4758
CASP3	0.4244	-0.5163	0.3702	0.1131
NISCH	0.2241	1.3479	0.1912	-0.1844
CPSF4	0.0340	0.2148	0.2548	-0.4685
COPB2	0.0901	0.9681	0.7066	0.8883
GADD45A	-0.5057	0.5177	-0.0207	0.4945
SMNDC1	-0.6064	0.4826	-0.3594	-1.2044
NUDCD3	0.3997	-0.4165	0.7489	-1.2067
HMGCR	-1.3402	-0.8158	-0.4138	1.7977
SLC35B1	0.4768	-0.0021	0.5948	-2.3064
TIMP2	-0.2582	0.0697	-0.7592	0.9297
LSM6	-0.0429	0.3428	-0.5007	-1.4632
SACM1L	0.3314	0.1214	0.3086	-1.6376
TCERG1	0.4053	-0.0038	-0.3211	-1.9999
KIAA0196	0.3654	-0.2681	-0.0368	0.5393
DNM1	-0.4947	0.1179	0.5587	1.3119
DDIT4	-0.7218	-0.4688	1.9706	4.1857
ALAS1	0.0969	-0.6759	-0.1976	1.7185
PAFAH1B1	0.1993	-0.0926	-0.0426	0.8807
PSRC1	0.5143	0.4877	-0.2471	-0.4207
RBM15B	-0.0874	0.5576	-1.5169	-1.0061
TOMM70A	0.2795	0.0924	0.3705	0.2547
CBR1	0.3428	0.5028	0.5410	1.0114
PRKCD	0.5201	-0.4331	0.8314	0.3044
JUN	-0.8016	0.5486	-0.0604	0.5462
TMEM50A	-1.0841	0.3762	-1.0975	0.0395
SCCPDH	-0.4598	-0.1282	-0.1983	0.7569
TSC22D3	0.2831	-0.9215	2.4084	0.3710
TFAP2A	-0.5824	0.4953	-0.9059	-0.0834
ZNF395	-0.4408	-0.2539	-0.3667	-0.3074
VPS72	0.5321	0.0661	0.1562	0.5053
CLSTN1	-0.5181	-1.2698	-0.1574	0.7752
MAPK9	-1.5030	-0.5961	-0.5872	0.1852
POP4	0.1141	1.7355	-0.1194	-1.8347
NFE2L2	-0.1967	-0.2539	-0.1357	-0.6595
BLCAP	-0.1522	-0.5203	1.4465	-0.4681
FAM20B	-0.1209	0.6457	0.4705	-0.6957
CRKL	0.1605	0.7663	0.1472	0.3947
ZNF318	0.2849	1.0307	-1.9898	-1.1663
FDFT1	0.5967	-0.7248	-0.2958	1.6805
TRAP1	0.3733	0.6070	0.2962	-0.4285
GTF2A2	0.2702	0.1628	-0.3269	0.1983
MTFR1	-0.5292	1.1371	-0.4710	0.9445
UBE2A	-0.0877	-0.7322	0.1777	0.0530
NIT1	0.2417	0.5923	0.1777	1.4003
SYNGR3	0.0623	-0.0109	1.0548	5.1703
STK25	-0.6330	0.0632	0.4859	-0.0605
ABCF3	0.1976	0.1951	-0.3326	-1.3433
FCHO1	0.6874	0.7110	-0.5118	0.3457
OXSR1	-0.3766	0.2997	0.4091	-1.2484
SMARCC1	0.4649	0.7015	-0.0752	-0.1996
GLOD4	0.3232	0.1784	-0.3484	-1.4625
IL4R	-0.0470	-1.0705	0.4439	1.2487
KIT	0.2030	0.3562	0.5180	0.4782
PSMG1	0.2325	0.4089	-0.6039	-1.9764
TMEM97	0.0999	-0.2811	0.6033	-0.6061
LRRC41	-0.3489	0.2160	-0.1375	0.7610
KIAA1279	0.6064	-0.9534	-0.5145	-1.0268
TCEAL4	-0.3398	0.3219	-0.8498	-0.9879
NUP133	0.3720	0.2842	-0.0497	-1.1023
NUP62	0.5353	-0.0329	0.0128	-1.4475
MALT1	0.1457	1.9465	-0.2613	-1.2070
YKT6	0.3827	0.4123	0.8057	-1.0704
KIF2C	-0.0423	-0.1291	0.1475	-0.6149
NNT	-0.0204	0.7242	0.5858	1.1577
IQGAP1	-0.2864	2.2096	-0.2756	-0.0712
HSPA4	-0.3920	0.3343	-1.1177	-0.6315
TOP2A	-0.3101	0.2285	-0.3497	-0.9011
B3GNT1	1.1466	-0.0396	0.3840	-1.6604
SCP2	0.0370	0.9330	0.8579	-0.4364
RAD9A	0.7290	1.3698	0.1205	-0.2756
DRAP1	-0.3325	-0.4808	0.5858	-0.6345
PCMT1	0.3462	-1.1380	-0.2893	-0.3241
MYC	-0.8771	-0.3937	0.7944	-0.3737
POLB	-0.6466	0.0273	0.1557	-0.6799
CETN3	-0.1326	0.3413	-0.7347	-0.8526
SMC4	0.3238	0.4440	-0.5952	-0.8626
SMARCD2	-0.0899	1.4185	0.8881	-0.8369
MPZL1	0.0583	-0.0636	-0.1476	-0.2913
EBNA1BP2	0.0356	-0.1873	-0.8997	-1.7887
TATDN2	0.4177	-0.1474	-0.1831	-2.1221
LRPAP1	-0.1505	-0.1585	0.3176	-1.3225
TBPL1	-0.5292	1.7351	-1.1687	1.2673
RAE1	-0.2712	0.6613	-0.6080	-1.1292
CDK1	-0.2076	0.1722	-0.3602	0.2301
SLC35A1	-0.4176	0.8282	0.7933	2.6433
NIPSNAP1	-0.0733	-0.2581	0.4681	1.0182
BCL7B	-0.4959	1.9624	0.5627	-2.4316
TIMELESS	0.1874	0.4168	0.7711	-2.1617
DHX29	0.5183	1.0364	0.4447	-0.3384
TCEA2	0.0381	0.7876	0.6464	3.4585
FHL2	-0.3489	-2.6904	0.1532	0.6742
FKBP4	-0.7246	0.2811	-1.6407	-0.9054
KAT6A	-0.0728	-1.0481	1.3173	-0.8381
MAP3K4	0.2854	-1.4571	0.7591	-0.6998
ZFP36	0.1470	-0.5534	-0.6286	0.3846
INPP1	-0.4115	1.1027	-0.0528	0.5086
EPB41L2	-0.0717	1.4764	-0.2288	0.5950
GNAI2	0.6232	0.9464	-0.1205	0.4231
TSTA3	-0.0218	0.4531	0.2001	-1.1875
DNMT1	-0.3832	0.3268	-0.1294	-1.0545
RAB27A	-0.3628	0.8486	-0.5038	-0.1752
DDR1	0.2897	0.2706	0.7030	1.4801
LPGAT1	-0.7283	1.0254	0.7970	1.9787
DUSP11	-0.7368	-0.1448	-0.6661	0.3421
TP53BP2	0.8922	0.6855	0.6572	0.3203
CDKN1A	0.6176	-0.0764	-0.6524	3.2208
TJP1	0.2718	2.9746	-0.1727	-1.2171
ABCB6	0.6142	-3.0864	0.2158	-0.7606
MTHFD2	-0.2069	-0.9087	0.5657	-0.8155
PRAF2	0.0994	0.0694	1.5495	1.9799
DNTTIP2	-0.3231	0.4487	0.5276	1.4756
HTATSF1	0.2916	-0.7636	-0.2008	-0.8532
NCAPD2	-0.0126	0.4581	-0.3577	-0.0059
TMEM109	0.5172	0.1251	1.7062	-0.9203
NUP93	0.4581	-0.0385	-0.8437	-1.0177
PLA2G15	-0.0568	0.2125	0.8109	0.5053
PIP4K2B	0.5066	-0.6176	1.1935	-0.9584
MYCBP2	-0.1269	-0.0540	-0.1723	0.0384
PGRMC1	0.7694	-0.7066	0.4031	0.5530
AARS	1.1989	-0.9407	0.7904	-0.3226
GPC1	0.0937	-0.0051	-1.2146	-1.9106
ELAC2	0.4140	-0.1565	-0.2439	-1.4520
PLSCR1	-0.3573	0.5258	-0.7328	-1.0821
CTSL1	-0.3187	-2.2857	0.8589	3.8625
CTSD	-0.3914	0.0625	0.6486	1.3036
ARHGEF2	0.0503	1.0287	0.6640	1.3939
ILK	-0.0601	-0.6148	-0.2324	0.2788
NFIL3	-0.5413	0.4823	0.6553	4.9168
ARL4C	-0.4848	0.1265	-0.1231	0.3423
CPNE3	-0.1998	0.0786	-0.8502	-1.8200
SCRN1	-0.4373	1.0331	-1.3897	-0.4517
MAN2B1	0.2797	-0.4658	0.0046	-0.2370
DCTD	0.0957	0.5435	0.4506	-1.0851
MBNL1	0.8028	-0.0328	-0.9901	-1.4009
MYCBP	0.3027	0.4444	0.4823	-2.4596
PTPN1	0.6926	0.2198	-0.5861	-0.0149
BRP44	0.1720	0.7733	0.7539	1.4289
ECD	0.2658	-0.4704	-0.0344	0.0503
CIRBP	0.1658	1.0573	0.1606	-0.4945
PRSS23	0.1274	-1.1575	0.1984	1.8090
P4HA2	-0.4297	0.5558	0.3502	2.9418
ATP6V0B	-0.6658	-0.2335	-1.0138	-1.0823
CAPN1	0.8685	-0.3650	0.3220	-0.0350
STXBP1	-0.0039	0.1379	0.7119	3.6729
ITGB5	0.1898	-1.0113	0.4086	0.3780
SLC11A2	-1.1608	1.5818	1.0678	5.2350
PDIA5	1.0067	0.1114	0.2602	0.4645
RAP1GAP	-0.6608	0.0972	0.5143	1.3765
NOLC1	0.3313	-1.4176	-0.4309	-2.1222
CAT	0.1857	0.5989	0.0213	0.9113
DUSP14	0.1032	-0.0076	0.8729	-0.0076
TRIB1	-0.0524	0.4352	-0.2015	0.3125
TP53BP1	0.0300	-0.3624	-0.0972	0.5372
BECN1	-0.2669	-0.4454	0.6749	-0.8509
KDELR2	0.1270	0.5184	0.5314	-0.1170
ELAVL1	0.6963	1.0101	0.1223	-0.6000
IGF2R	-0.4049	0.4162	-0.2070	0.9266
TIPARP	-0.0286	-0.1107	0.3797	0.9313
CRTAP	-0.2712	0.1727	0.6564	-1.7526
GMNN	-0.8075	0.2265	-1.1762	-1.4903
CYTH1	-0.2027	1.8705	-0.1133	1.7414
PRCP	0.2529	0.2416	0.3558	0.7698
SMARCA4	0.3410	0.7711	0.1660	-0.3137
PYGL	0.4060	-0.7707	0.1696	4.2329
RPA2	-0.0520	-0.0513	0.0540	-0.9049
GTF2E2	-0.5634	1.4245	-0.1040	0.7121
ANXA7	-0.6349	0.8771	-2.5645	-0.6704
TXNRD1	-0.5031	0.0269	-0.2920	1.4850
CRYZ	0.0096	-0.0743	-0.8356	-0.2529
GAA	-0.1324	-0.1739	0.1472	0.3560
SKIV2L	-0.0093	-0.4444	0.2043	-0.0269
BLMH	0.7930	0.8584	-0.1331	0.0350
RRP1B	0.0122	-0.2698	-0.3205	-1.6594
TSPAN3	0.1910	-1.2846	0.2966	1.5441
KEAP1	0.1243	-1.3579	0.7792	-1.6090
SMC3	-0.1084	0.6503	-0.6977	-0.3438
LBR	0.0689	0.6686	-0.3103	1.0766
PPIE	-0.1760	0.0882	0.3730	-0.3788
TERF2IP	0.0156	0.1627	0.4993	-0.6523
BNIP3	-0.0457	0.0027	-0.3798	-0.3353
BCL2	1.1553	0.8999	-0.8367	-1.0884
RBM6	-0.3465	-0.1086	0.5266	-0.0266
CSK	-0.0424	0.5060	0.4929	-0.8016
ALDOC	-0.3914	-0.6452	0.0524	4.2476
UBE2L6	-0.7709	0.5999	-0.2517	3.4062
PCBD1	0.1640	0.1675	0.5520	-2.3839
ICMT	0.6249	0.8402	0.9886	-0.2959
GNPDA1	-1.0480	-0.8464	0.1769	0.8060
NUCB2	-0.0724	-0.5773	1.1840	2.7675
RSU1	0.9529	0.3676	-0.4320	-0.3507
PTPN12	0.0424	-0.2294	-0.3441	1.5899
PCK2	0.0646	-1.2378	0.8737	-1.3929
GFPT1	0.4420	0.8036	0.2919	-0.0432
BLVRA	0.0352	0.7637	0.1118	2.8552
S100A13	-0.4885	0.3351	-0.7181	-0.6120
MYBL2	0.7960	0.5197	-0.0883	-1.1304
STX4	-0.1863	-1.3789	0.7639	-1.6938
TMCO1	-0.5580	-1.1526	0.1387	-1.9035
CCDC85B	0.9911	0.7413	0.5362	-0.8977
DDB2	-0.4994	0.6662	0.1998	-1.0407
BAMBI	-0.4559	-0.4542	0.2683	-0.1574
HADH	0.1032	-0.6446	-0.2842	-1.3466
GLRX	-1.1060	0.7948	-0.1825	8.4992
MVP	0.2450	0.4704	0.3143	3.3903
STMN1	-0.0045	0.5839	0.0392	-1.1210
GALE	-0.5617	0.1286	0.8384	-0.2856
PTPRF	-0.8980	-0.0554	-0.2604	0.5045
PGM1	0.1816	0.3555	0.4010	2.6920
LOXL1	0.4773	-1.1498	-0.0367	1.3325
MYO10	-0.5795	0.7021	-0.0047	3.1127
LIPA	0.5015	0.4260	-0.0537	3.0991
PHGDH	0.4904	0.6527	2.5210	1.5317
ST7	0.0686	1.1538	0.1076	-1.3889
IKBKB	-0.5648	0.6452	0.1075	-1.0633
PCM1	0.1881	-0.3862	-0.0071	-0.8576
IER3	0.0248	-0.2672	0.3507	3.8077
FAT1	0.0457	-0.5785	-0.5153	-0.1583
RNMT	0.3478	-0.3510	0.5633	-0.4213
EGFR	0.8507	0.5557	0.7330	0.0224
NET1	0.3326	-0.1620	-0.5811	0.1373
DECR1	0.0486	0.7673	-0.4760	-0.4579
NPC1	-0.6621	0.5242	-0.0012	0.7256
MEST	-0.3075	0.0753	0.2414	0.6773
PAFAH1B3	-0.0616	-1.1202	1.0609	0.4717
CALU	-0.1998	0.0526	0.1079	1.9354
LGALS8	-0.2414	0.7556	0.1022	1.4553
LRP10	-0.2564	-1.3133	0.9723	-0.7150
ATP1B1	-0.0886	-0.0515	0.2955	2.4620
OXCT1	0.2235	1.2160	-0.4582	-0.2842
SLC25A4	-0.3486	0.1543	-0.1335	-1.1347
ASCC3	0.2733	-0.2939	0.1525	0.1353
TRAM2	1.2833	0.8436	0.1130	-0.5241
PYCR1	-0.0997	-0.9131	1.3080	0.0588
NCOA3	-0.5878	-0.5069	-0.1153	2.4912
POLD4	-0.1095	-1.1038	-0.2489	1.3928
PRKACA	0.1579	0.1980	0.0826	0.3671
LYRM1	-1.3965	-0.5032	0.6793	-0.5013
VDAC1	1.1112	0.0451	0.4407	0.2088
SORBS3	-0.3529	-0.4206	0.0992	-0.1515
SPAG4	-0.1220	1.3389	-0.2914	0.7531
SLC5A6	-0.1173	-0.5663	-0.1699	0.6461
RGS2	-0.4562	0.5930	2.3773	2.8868
SCYL3	-0.1701	0.1909	0.2810	0.0184
TBX2	0.3159	0.2650	-0.1831	-0.1536
DNAJA3	-0.1620	-0.3068	-0.7962	0.3135
DCUN1D4	0.3298	-0.4411	0.0418	-0.5599
DYRK3	-0.5125	-0.5579	-1.6325	0.8679
POLG2	0.5928	-0.5196	-3.0303	-2.8161
TRAPPC3	-0.4719	-1.9609	0.8099	0.7212
TCFL5	0.1255	-2.3753	0.0519	0.1177
RBM34	-0.0800	-0.7608	-0.4508	-1.4743
ITGB1BP1	0.3057	-1.0473	-0.5606	-2.2136
ACLY	0.9644	-0.1605	1.9473	1.4127
RAD51C	0.3140	-0.2092	-2.0731	-1.3766
SMC1A	0.4138	0.5936	-1.4319	-1.1084
YME1L1	-6.5604	0.4269	0.1570	-1.4026
ACAA1	1.4417	-0.4283	0.5523	-0.3272
WFS1	0.3517	-0.4914	-0.0843	1.5248
UBE3B	-0.1874	-0.1735	0.3500	-0.2845
NPDC1	0.0500	-1.4628	0.0095	-2.2938
ALDH7A1	-1.1717	-1.2464	-0.0836	0.3224
POLR2I	0.6034	0.3535	-0.2389	-1.0779
AKAP8L	0.4536	-1.0866	0.0119	0.9837
PLEKHJ1	0.6457	2.0599	1.2813	-1.0042
HAT1	-0.3491	-1.3687	-0.5280	-0.6998
G3BP1	0.6871	1.1265	0.1418	-0.1796
TPD52L2	0.2487	-0.6694	0.6076	-0.3399
PIH1D1	0.3208	0.2628	0.1188	0.9058
SHB	-0.7395	0.2229	-0.1807	0.2375
UTP14A	0.1092	-1.4021	0.1259	-0.5092
TSEN2	-0.7857	-0.6432	0.2017	-0.6569
LYPLA1	-0.2862	0.7341	-1.3492	-1.0829
MAP2K5	-0.3652	0.7199	-0.2436	-1.0440
PUF60	-0.0446	-1.2600	-2.3242	-2.6381
DHRS7	-1.6926	0.0452	1.3148	2.9653
ARID5B	0.9159	0.7909	0.1955	0.3685
IGHMBP2	0.4042	2.5112	0.6742	-0.7704
ADO	-0.1249	1.2396	-0.4775	-0.7742
TCTN1	-0.2178	1.3098	-0.3281	0.2750
AKR7A2	0.0980	0.3188	1.2147	-1.2030
PPP2R5E	-6.3897	-0.5023	-2.4599	1.1544
LAMA3	2.8572	-0.6874	2.6972	-0.2570
FEZ2	0.0207	-0.7586	0.7329	1.4310
IKBKAP	0.2438	0.0486	0.1708	-0.6541
SGCB	-0.2582	-0.0167	0.4223	1.8673
ENOPH1	0.2077	-1.3387	-0.3138	-3.0832
CNOT4	0.7700	0.0407	1.2580	-0.1403
JMJD6	0.6810	-2.4490	0.1336	0.7686
SLC35F2	0.5782	1.1490	-0.5179	0.4035
ANO10	0.2213	2.0267	-0.1171	0.6375
STUB1	0.1185	0.0008	0.0214	-0.6360
BAD	2.5084	-0.9791	1.1236	0.1718
PSMD10	-0.5094	-0.0916	0.4894	0.1359
RAB11FIP2	-0.3730	-0.4897	0.5968	-1.1086
FPGS	0.1748	1.4854	0.2158	-0.0139
RNH1	-0.7973	-1.5233	0.3823	-1.3456
ATG3	0.0622	-0.9462	0.0202	-0.6352
CFLAR	-0.1891	-0.3824	0.2142	-1.3661
HEATR1	0.3315	1.4820	0.0904	-2.1823
WDR7	-0.4555	0.2210	-0.2330	0.7810
AKAP8	0.9422	-0.7811	0.8270	-1.3439
SLC1A4	0.1756	1.1246	1.0289	1.5891
GRWD1	0.0190	-1.6789	0.5923	-3.6418
STAT1	-0.2026	-0.4960	-2.0954	-1.0477
FOXJ3	0.4366	-0.4010	0.1890	0.1832
MTERFD1	-0.5080	-1.4196	-0.2304	-1.2307
CHIC2	-0.3441	0.3707	1.2567	0.6620
USP7	0.9287	-1.1521	0.1264	-1.0257
NOSIP	0.1005	-1.0642	-0.0605	-0.5157
DLD	-0.0433	-0.7081	-0.4422	-0.3808
IDE	0.4566	-0.5539	2.2069	-1.5145
PRPF4	0.1051	-0.4949	-1.6136	-1.9121
MELK	0.1544	-0.3999	-0.7797	-1.1950
SMAD3	-0.8163	0.0218	-0.5020	0.9597
OXA1L	-6.5022	-1.2768	0.3993	-1.9607
SNX7	-0.1606	0.1222	0.0870	0.8029
CDCA4	0.7058	0.5858	0.6728	-1.1885
TBC1D9B	-0.6379	-0.3239	0.1091	-0.2008
NARFL	6.5323	0.3221	0.0172	0.2741
DDX42	0.2571	0.8757	-0.2066	-1.1612
IKBKE	-0.3821	1.5610	0.3487	0.2526
WDTC1	-0.0110	-0.8921	3.2456	2.2111
PLSCR3	-0.1228	-0.2259	-0.0499	0.9539
H2AFV	0.3408	0.2658	-0.3104	-0.2488
NUSAP1	0.1071	-0.4241	-1.8586	-1.3552
FAM69A	-0.4262	0.3126	-0.6420	0.3363
XPO7	0.6445	0.8279	-0.7999	-0.6989
FAIM	-0.7751	-0.8511	-0.3956	-1.8300
PXMP2	0.2986	0.6385	-0.5992	-1.2999
TIMM17B	-1.4824	-0.4290	0.1552	-0.2005
STXBP2	-0.7430	-0.5182	0.2484	-0.8762
HPRT1	-0.1862	0.2653	-0.3170	-0.6795
RRS1	5.4618	-0.8748	0.5132	0.1368
ADAT1	-0.6058	0.4522	-0.5810	-1.4902
SCAND1	-0.0236	0.7169	-1.7692	-1.3832
MFSD10	-0.2815	0.3249	-0.5393	-0.2623
COPS7A	-0.2978	0.3280	0.3642	0.0778
FIS1	0.2701	-1.2964	0.2629	-0.9225
NUDT9	-0.3235	-0.1254	0.6122	0.6397
CSRP1	-0.6040	-0.6205	-1.6048	0.6621
METRN	0.3688	0.9130	-0.3023	0.0007
TCTA	-0.0618	1.8508	-0.1323	-0.7227
TLK2	-0.0510	-1.5203	0.5570	1.8803
KIAA1033	-0.3040	-1.7731	-0.0030	1.6560
DNAJB6	0.1809	0.2458	-1.0397	0.0774
HMGCS1	-0.6944	-2.1405	-0.0875	3.4051
SPRED2	-0.5828	0.9747	-1.8379	-0.9214
MAP7	0.5120	-0.5245	-0.6789	0.3305
CHAC1	0.2329	0.4905	-0.1072	-0.2109
GNAS	-1.8678	-0.2064	-2.2397	-1.7342
TEX10	0.2060	0.9288	0.3282	-1.5205
ZNF586	0.5296	-0.5121	-3.9240	-0.8052
APBB2	0.0678	0.7674	-0.2139	-0.5854
RNF167	-0.2112	-0.2903	0.3618	0.9796
TXNDC9	-0.0273	-0.0115	1.3419	-0.2843
VGLL4	-0.1322	-0.8339	0.2143	-1.1596
YTHDF1	0.9494	-0.4493	0.2381	-0.3868
LSM5	-0.1960	-0.6059	-0.2175	-0.8663
ZMYM2	-0.1889	-1.5434	0.2752	-0.0625
CHMP6	0.1006	-0.2649	0.4912	-1.7811
PIGB	-0.0070	2.5906	-0.2743	2.0780
CHEK2	0.7322	-0.0709	0.1648	-1.6317
ACD	-0.0088	-1.1527	0.0790	-1.2441
SUPV3L1	0.2831	-0.9258	0.1667	0.2048
GPATCH8	-0.0470	0.0677	0.2780	-1.2982
ARPP19	-0.6050	-1.5184	0.3554	-1.6241
RTN2	-1.0109	-0.2042	-0.2987	1.4409
NPEPL1	0.4126	0.4135	0.6883	-2.0030
UBQLN2	0.4704	0.4638	0.1278	-1.1191
DMTF1	-0.7114	-0.3710	-0.3788	0.2955
CLPX	0.1236	-1.0740	0.2148	0.9984
TXNL4B	-0.1174	-0.6685	-0.4979	-0.8622
PRR15L	0.0601	0.1513	1.0148	-0.6286
ST6GALNAC2	-0.5553	0.0929	0.0487	1.0835
ADH5	0.7794	-0.1597	-0.0090	0.6425
GOLT1B	-0.9330	-1.3174	-1.3663	-1.5057
PPOX	0.3060	0.6236	2.1990	0.3198
CANT1	-0.0180	-4.4301	0.3546	0.4276
HOMER2	-0.3470	-0.6812	0.4682	-0.2924
CLTB	0.5986	-0.6607	-0.2059	1.6737
PHKA1	0.8335	0.5121	0.1971	-1.0724
MAP4K4	2.0878	-0.6371	-0.4676	0.8612
PAN2	0.0165	0.1426	-0.5356	-2.0488
PPIC	-0.1714	-0.9709	0.3904	0.7150
EIF5	0.2469	-2.3546	0.2982	-1.7237
TM9SF3	-1.2228	-1.5683	0.1079	1.2235
CCDC86	0.2334	0.2406	-0.0187	-1.9366
SLC25A14	1.0689	-0.6223	-0.2994	0.1656
TBXA2R	-0.8497	0.5031	-0.0847	0.1917
HERPUD1	0.2029	0.6971	0.1908	0.3545
RPL39L	-0.2338	0.0207	0.2781	0.7837
BPHL	-0.3106	0.8600	-0.3697	0.3919
MAPKAPK3	0.9241	0.0282	0.0665	0.5850
MBOAT7	0.0572	-1.5595	1.1640	0.5873
PNKP	-0.3497	-0.0192	-0.2836	0.1453
SLC35A3	-0.2346	0.1469	-0.0660	0.4542
LSR	0.0520	0.3194	0.2816	0.2825
KDM5A	0.1251	-0.1463	1.7065	1.6605
FAM63A	1.7539	0.4188	0.3836	1.0299
RAB4A	-0.1353	-0.0916	0.8725	1.3032
IFRD2	0.5222	-1.4816	0.2227	-2.0356
BACE2	1.5690	0.5735	0.1368	1.2529
LYN	-1.3177	2.0350	0.5435	-0.7033
ISOC1	0.5302	-1.2926	-0.3241	-0.7327
MOK	0.2265	0.6869	0.2688	-0.8249
DNAJB2	-0.1019	-1.1221	0.6634	0.2537
CERK	-0.1439	0.0696	-0.6597	0.3153
LAP3	0.3469	-0.1534	-1.6390	-1.8331
MAPKAPK5	-0.9767	0.3229	-0.2697	-2.4010
HDGFRP3	-0.7696	0.2536	-0.4387	-0.2492
RAB21	0.5483	0.0372	-0.6119	0.1770
PSIP1	-1.8813	0.6024	-0.1669	0.7354
CREB1	-0.3325	-0.8138	0.2180	-1.0206
MBNL2	1.2326	-0.0146	1.6406	1.1081
PACSIN3	0.2665	0.9684	1.1979	0.4042
MTA1	-0.1107	0.3878	0.0720	-0.1335
MACF1	-0.3372	0.1236	0.3289	0.0236
HIST1H2BK	0.1094	-0.3245	0.7601	-0.5938
PCCB	0.0633	-2.4642	0.3972	-1.6627
STAP2	1.9035	-1.1499	0.9725	1.2300
PMM2	0.9113	-1.1541	-0.4474	-0.3232
HSD17B11	-0.3889	-0.0672	1.0034	3.6005
FBXL12	0.0003	-0.0747	0.5855	0.7614
WDR61	0.9578	1.4266	-0.7133	-0.8944
FAS	-0.4082	0.1974	1.4992	1.2393
CENPE	1.2453	1.4554	1.2488	0.2191
CREG1	1.8037	-0.9797	1.8661	1.0926
PRR7	-0.1279	-1.1346	-1.1582	-1.1969
TMEM110	-0.5532	1.6081	0.1152	-0.5423
ZNF589	-0.6650	0.4578	-0.4021	0.4547
CNDP2	0.2902	-1.1113	0.2388	-1.2765
TNIP1	-0.6660	-0.6732	0.6251	0.1310
P4HTM	-0.2396	0.5646	0.4402	-0.6235
REEP5	0.0649	-0.1262	1.8049	0.5830
BZW2	0.3698	-0.9714	-0.2657	0.6297
CGRRF1	-1.0159	-0.2112	-0.4834	0.9362
AMDHD2	-0.5229	-0.4153	0.8002	0.5197
PEX11A	-0.2316	0.1595	0.0417	0.9079
GFOD1	-0.6832	1.9638	0.4302	-0.1908
PECR	-0.0935	1.8017	-0.7060	0.0852
SOCS2	0.5047	0.3284	-0.2167	-0.2877
ZDHHC6	0.5433	-1.7617	-1.3248	-2.4238
ITGAE	-0.5426	0.2439	0.1722	-1.1478
TMEM5	-0.1359	-0.8708	-0.2563	-1.0248
ATP5S	-0.3619	0.4529	-0.3450	-1.0420
NGRN	-0.5001	0.9011	0.3681	-0.0580
HOXA5	1.5114	0.1128	-0.0737	0.9750
GRN	0.5092	-1.2125	0.4583	-0.4015
NUP85	-0.3000	-1.3071	-0.2971	-3.3595
GTPBP8	-0.3925	0.7413	-0.2094	-2.4043
PTK2	-0.1670	0.2850	0.3035	0.8880
EPN2	-0.3483	-0.4137	-0.3440	1.7855
CCDC90A	0.5709	0.5276	-0.2382	0.9317
KIAA0528	0.1540	-1.1514	0.3677	-1.9373
MRPS16	-0.0156	-0.9507	0.0913	-1.1922
NOL3	0.3423	-1.4909	0.4260	-0.1148
NR1H2	-0.1388	2.2408	0.4560	0.1732
PLS1	0.9714	-0.5050	-0.3816	1.7635
DUSP22	-0.1571	-0.0889	-0.1707	-0.6356
RPS6KA1	-0.1748	-0.0212	1.3479	1.2325
DCK	-0.4295	-0.3977	0.5735	-0.7318
TRIM2	-0.4106	-0.3525	-0.1264	0.7981
VPS28	-0.0724	-0.1262	-1.7432	-0.2472
LRRC16A	0.0686	-0.6836	0.0654	0.8087
NR2F6	0.3231	1.1437	-0.1654	0.5426
EXOSC4	0.7711	-3.3200	0.3158	-0.8934
PDLIM1	0.7429	0.3330	1.9019	1.2914
CRELD2	0.0032	0.2321	-0.7200	-0.1750
RRP12	0.9082	-3.9896	0.4999	-0.4156
ACAT2	-0.1899	-0.1712	-1.0845	-1.2765
THAP11	2.1860	0.3764	-0.0745	-0.1664
CEBPD	-0.3741	0.0579	-0.5528	-0.9163
MAST2	1.1234	0.4519	1.6363	-0.7905
DHDDS	-0.3832	-0.0471	-0.0377	-0.3175
GADD45B	-0.9419	-1.2721	1.0245	1.0441
KIAA0355	-0.8710	1.4292	2.3184	2.1108
DYNLT3	6.3463	0.3998	-0.0784	-0.0574
CHMP4A	-0.2825	0.5718	0.0681	-1.1623
IPO13	-0.4681	-0.3779	-0.2010	0.0614
ITFG1	-0.9959	0.6048	0.3386	-1.1709
HYOU1	-0.2344	0.1714	-0.4159	1.1282
FOS	-0.0045	0.4484	-0.5874	0.8825
MCOLN1	6.4236	1.1716	1.6050	-0.5737
ID2	2.5153	0.8206	1.4130	-0.4345
KCNK1	-0.0388	-0.3624	-0.2165	0.3309
RAI14	-0.5521	0.1723	-0.4520	0.1592
DNAJC15	-0.2783	-0.8178	-1.4335	-0.2102
HOXA10	0.1910	1.7624	1.4584	-0.1539
CTNND1	0.0544	-0.1331	-0.5796	0.2984
ZNF131	-0.2871	-0.3807	-0.1391	-0.5252
HOOK2	-0.1290	-1.1179	-0.3039	0.3205
ERBB2	0.3261	-2.0144	0.2958	-0.4089
INTS3	1.2222	-0.3318	0.4150	-0.1622
RFNG	-0.5756	-0.3210	-0.0755	-1.0298
MICALL1	0.1984	2.0588	0.4925	-0.9126
KLHL21	0.2602	0.0487	1.2905	0.6764
TLE1	0.3821	-2.0560	-0.1144	-1.8372
COG2	-0.1939	0.2715	1.0645	0.3606
MRPS2	0.2576	-0.1120	-2.6375	-1.1685
KCTD5	0.2817	0.7246	0.4774	2.3291
CNPY3	1.6012	1.6326	0.0047	-0.3749
ADAM10	-0.5979	-1.0558	0.3472	0.9200
CD58	-0.6831	1.1729	-0.8256	0.5021
KIF5C	-0.2505	3.0577	0.8247	5.5301
HMG20B	0.3012	-0.2759	0.8035	-0.9745
PIN1	-0.3108	-0.7017	0.3337	-0.2940
LAGE3	0.6661	-1.5322	0.1604	0.3252
TNFRSF21	-0.7040	0.1773	-0.6127	0.9946
KIF14	0.1295	-0.4352	-1.8339	-1.0124
CYB561	0.6679	-2.1767	0.5164	-0.9408
HTRA1	0.0710	0.0491	0.3817	0.2995
WASF3	0.9092	-1.1236	-0.1174	0.0872
TSPAN6	-0.4585	1.4953	0.4186	0.1650
FBXO21	-0.2123	-0.2586	-0.8516	-0.0503
PPP2R3C	-0.2703	1.0691	-0.3026	1.5287
GRB10	-0.5048	1.3416	0.6966	2.8546
ZW10	-0.0923	-0.6647	-0.0437	0.3012
CORO1A	0.3091	-1.0898	-0.1082	2.5447
XPNPEP1	0.2252	2.0928	-0.4100	0.4481
MAMLD1	0.4058	2.3658	-0.0982	-0.9322
DSG2	-0.5039	0.9259	-0.5848	1.2316
SLC27A3	-0.2306	-1.5441	-0.5336	-2.1149
CD97	0.2277	-1.1800	1.1895	6.3806
IL13RA1	-0.6496	0.2523	0.1608	-0.2192
AGL	-0.8713	0.0758	-0.5369	-0.5794
GATA3	-0.0699	1.4146	0.4527	-0.3322
RPA3	0.4605	0.9478	-0.0109	-0.0040
TES	-0.1014	-0.5807	-0.6388	0.7374
SPR	0.8199	-2.0996	-2.6901	-3.9337
RELB	0.4363	1.6549	1.4617	0.0877
RPIA	0.3970	-2.4477	0.2629	-1.2645
GPR56	0.2004	-0.4581	0.7287	1.8545
NVL	-0.4040	0.4175	-0.9817	-0.2483
ME2	-0.0402	-0.5553	-0.0793	0.3446
WDR67	0.7151	-1.6454	0.2123	-0.8312
RFC2	0.6026	-0.4336	0.6083	-4.1955
TIMM9	-0.8313	-1.5766	0.1593	-0.8346
ORC1	-0.4101	1.7531	-0.4119	-0.2093
PARP2	0.4201	-2.0202	-0.0177	-3.0318
FASTKD5	0.5738	0.6792	1.3674	-0.3190
PTPLAD1	-0.1774	0.6431	-0.7498	-0.7786
MSRA	-0.3194	-0.0073	0.7542	-2.0214
SYNE2	-0.0502	1.4063	-0.1596	0.2301
UBE3C	-1.2862	0.7311	0.0472	0.7421
CCDC92	-0.0400	-0.5960	0.4498	0.6560
TIMM22	1.0758	3.0868	0.6875	-0.9105
ATF5	0.8065	-0.6476	-0.3748	-5.5616
NSDHL	-0.1099	-0.6797	-0.6393	-0.1256
ADI1	-0.0785	-0.2407	-1.8850	-2.5938
ADCK3	0.2159	0.4892	-0.5108	-1.3792
GDPD5	-0.2486	0.2133	0.2164	1.8385
TARBP1	-0.0425	-3.5185	0.0923	-1.4423
RBKS	0.8426	-0.0141	0.9258	0.2233
KDM3A	-1.2427	0.1109	0.2442	0.5170
BID	-0.7075	0.5498	-0.6445	-1.3543
MTF2	-0.0285	0.1094	-0.2298	-0.5677
PIK3C2B	-0.2394	-1.6890	-0.1311	-0.4371
SLC25A46	-0.7787	-0.2232	-0.7807	-0.9760
CDK19	-0.5358	0.0446	0.1729	1.0896
KIAA0753	4.6690	0.8277	-0.2317	-1.1243
KAT6B	0.0919	0.0952	-0.2759	-1.2863
CHN1	0.2365	0.3322	-0.7921	-0.5610
MAPK13	0.6019	0.0507	-0.9457	0.5613
UFM1	-0.1128	-0.1883	-0.2321	-0.0948
IARS2	0.5168	-1.6721	-0.8055	0.1067
GATA2	-0.5175	2.9369	-0.3644	-0.6786
NRIP1	-0.5949	0.1116	-0.0386	-0.0755
CCNB2	-0.2297	-0.0502	-0.4331	-1.2609
RNPS1	-0.5236	-1.0762	0.6844	0.7783
ARID4B	-0.9364	0.9651	1.7570	1.1686
GSTZ1	-0.0413	-1.3833	0.3486	-0.4046
SESN1	-0.5646	-0.6943	-0.5265	0.1118
SPEN	-0.3307	1.0646	-0.2585	-0.3512
PDHX	0.0657	-2.8395	1.0576	-0.7686
DENND2D	-0.2697	-0.2831	0.4823	1.1372
CTTN	0.0285	-0.0998	-0.7922	-0.5841
UBR7	-0.3231	-0.9824	-0.0273	-0.7096
CD44	-1.0416	0.1457	-0.0416	-0.3845
VAV3	-0.3245	1.8947	0.9646	1.9589
ABHD6	-0.4570	-0.5799	0.9529	2.0802
CAB39	1.0928	0.4754	0.5642	0.6072
TIAM1	-0.0826	0.3089	-0.0025	0.9592
DNM1L	0.0767	-1.7533	-0.1895	0.8746
DERA	0.4199	-0.2885	-0.2618	1.1969
PTPRK	-0.1912	-2.4436	-0.7895	-1.9088
HERC6	-0.0291	-0.2573	0.8194	2.1196
ACOT9	0.5009	-0.8591	0.4962	1.7662
ST3GAL5	-0.5947	0.5623	0.3153	1.5864
CTNNAL1	-0.3007	0.0063	-0.3065	-0.7056
ABHD4	-0.6092	0.9251	0.6298	0.6752
INPP4B	-0.1244	-0.8581	1.7890	0.5439
ZMIZ1	-0.8210	0.6112	0.4615	-0.7208
PPARG	-0.1844	0.4759	2.3520	0.3571
RPP38	0.6314	-0.6766	0.6103	-1.7121
CAST	-0.4408	-0.4651	-0.2192	-0.0395
BAG3	0.2786	-1.3115	-0.6079	-2.0690
GNA11	0.7256	0.5591	0.3496	-1.0549
TOR1A	-0.5381	-0.8377	0.7334	0.1013
SLC25A13	-0.2339	0.1754	0.7278	-0.1646
TSPAN4	0.7814	-0.4224	0.1053	1.4413
NR3C1	-0.0102	0.5565	-0.3595	0.0489
TRIB3	-0.2347	-1.1222	-0.9294	-2.1669
PHF15	0.0769	0.7368	0.4472	-3.1999
CXCR4	-0.4982	0.7038	0.3344	0.8110
FKBP14	-1.0498	1.6896	2.4933	1.8592
CIAPIN1	-0.1600	-0.0574	-0.0239	-0.3466
COG7	-1.0985	-0.3454	0.5207	-2.5224
TUBB6	-0.4231	-0.1160	-0.5410	-1.5776
ABL1	0.5449	-1.0834	0.0728	0.1530
CCNF	0.0338	-0.6962	-0.2433	-0.2208
FAM57A	-0.5275	-2.3234	1.0630	-2.4942
EVL	0.0265	-0.6087	0.2968	0.8222
GPER	-0.2447	1.1189	0.6712	-1.7732
EAPP	-0.6558	-0.3233	-0.6892	-0.2775
EXT1	-0.3638	-0.1413	-0.0341	0.1196
POLE2	-0.2033	0.9201	2.1692	-0.0918
C2CD2	2.2372	3.3352	0.4641	2.4099
ANKRD10	0.1087	1.0567	0.2181	-0.4972
DDX10	0.5071	-0.5891	0.6291	-0.5867
CEP57	-0.3831	0.2784	-0.3911	2.2057
RAB31	-0.7333	0.6400	-0.3797	3.9732
ABCC5	0.6408	0.0169	0.9075	1.5914
RFC5	-0.7255	-1.4085	0.8265	-2.8631
HES1	0.8901	-0.0981	0.0697	0.7517
KLHL9	-0.4991	0.0367	0.2972	-0.1473
UBE2J1	0.6730	0.3805	-0.3954	0.0543
SLC37A4	-0.4993	0.6310	0.1618	-0.4786
NPRL2	0.7254	-0.4982	-0.7445	-0.9646
PWP1	-0.3674	0.0337	-0.5932	-0.8440
PLEKHM1	-0.1017	0.2667	-0.4060	-0.0407
VAT1	-0.7380	-2.4184	1.1004	0.9995
KIF20A	0.2629	-2.2708	0.5980	0.3044
CDH3	0.3895	0.0743	0.3894	1.6147
SSBP2	-0.5276	0.2956	-0.5255	0.2018
SNX11	-0.2702	0.7045	1.1924	0.4250
SFN	0.2755	-0.5091	0.8427	0.3725
RFX5	0.3031	0.2834	0.4120	1.0035
PKIG	-0.5179	1.1587	0.3831	2.1041
FSD1	-0.2570	0.3810	-0.2132	1.6106
ATP6V1D	-0.2252	-0.3821	0.2632	-0.0779
CDC45	0.1816	-1.3957	-1.6870	-4.2495
EDEM1	-0.9409	-0.0085	0.8061	1.3332
USP6NL	-0.3361	0.4684	-0.1119	-0.1153
NT5DC2	0.0131	1.5244	-0.0132	-0.8289
CCP110	-0.3635	0.3475	-0.4275	-0.3733
STK10	0.1245	-0.5009	0.0138	-0.1655
UGDH	-0.1033	-1.7337	0.2706	-1.0236
SQRDL	-0.3332	0.5407	0.6943	2.3583
HEBP1	-0.0114	-0.3246	0.3895	1.7737
ATP11B	-0.3415	0.0590	-0.2371	0.3137
CD320	0.8855	-0.2621	1.0574	0.3691
MLLT11	-0.4112	1.4180	1.6667	2.7185
CEBPZ	-0.1731	0.0641	0.0449	-0.9321
CBR3	1.3935	0.9851	-0.3216	0.2437
